Newton ::
x    : 1.30766048601183
f(x) : 0.00000000000000
Eps  : 1.0E-15
Eps* : 0.00000000000000
